SIGNIFICANT TEMPERATURE AND HUMIDITY LEVELS
-------------------------------------------
          Press           Temp             DP         RelHum        GPM_AGL         WSpeed          WDirn           Time         Ascent   Type
            hPa             °C             °C              %              m            kts              °              s          m/min
---------------------------------------------------------------------------------------------------------------------------------------
         977.78         +11.50          +11.2          98.00            0.0           10.0            215            0.0              0   T+H
         926.93          +9.04           +9.0         100.00          449.8           30.7            202           93.0            298   T
         878.29          +9.67           +9.7         100.00          895.6           31.8            237          183.0            307   T
         818.41          +6.33           +6.1          98.37         1478.9           37.4            239          289.0            330   H
         806.03          +5.49           +4.3          92.16         1603.1           43.8            236          312.0            306   T
         788.87          +5.82           +3.7          86.33         1779.0           53.0            232          349.0            288   T
         746.05          +1.56           -4.2          65.50         2236.2           54.0            235          436.0            310   T
         716.69          +0.27           -8.6          51.38         2559.5           53.1            240          500.0            320   H
         688.24          -1.27          -11.6          45.14         2884.4           53.3            244          560.0            322   T
         613.72          -8.23          -19.7          39.27         3782.1           61.8            246          736.0            299   H
         558.92         -12.90          -20.1          54.74         4497.4           65.8            253          865.0            285   H
         536.77         -15.06          -25.9          39.14         4800.8           66.0            255          936.0            255   H
         526.25         -16.33          -25.5          45.26         4950.4           64.2            253          970.0            297   T
         509.41         -16.40          -21.2          66.52         5192.4           66.4            242         1017.0            272   H
         507.60         -16.46          -21.5          64.81         5218.7           67.3            241         1023.0            266   T
         422.09         -25.08          -31.7          54.29         6563.2           61.6            247         1329.0            245   T
         275.77         -50.40          -54.8          60.18         9468.6           83.4            252         1969.0            323   T
         271.75         -51.11          -55.2          61.82         9560.6           84.9            252         1987.0            293   H
         218.05         -62.61          -67.4          52.99        10930.4          101.6            260         2288.0            281   T
         192.02         -63.87          -76.7          16.48        11686.4          103.5            262         2459.0            271   T
         171.47         -59.05          -78.0           7.36        12375.0          110.1            267         2612.0            256   T
         166.09         -59.48          -78.1           7.61        12570.6          106.6            268         2657.0            273   T
         164.99         -58.18          -77.0           7.74        12611.5          104.9            268         2666.0            275   T
         156.31         -59.47          -77.7           8.10        12942.0           95.4            271         2740.0            273   T+H

SIGNIFICANT WIND SPEED AND DIRECTION LEVELS
-------------------------------------------
          Press           Temp             DP         RelHum        GPM_AGL         WSpeed          WDirn           Time         Ascent   Type
            hPa             °C             °C              %              m            kts              °              s          m/min
---------------------------------------------------------------------------------------------------------------------------------------
         977.78         +11.50          +11.2          98.00            0.0           10.0            215            0.0              0   S+D
         977.27         +11.56          +11.1          97.09            6.3           16.0            185            1.0            259   D
         940.80          +9.55           +9.5         100.00          326.9           29.3            198           68.0            293   S
         875.04          +9.52           +9.5         100.00          926.6           31.4            238          189.0            312   D
         832.35          +7.12           +6.6          96.75         1340.0           33.0            239          264.0            333   S
         781.37          +5.23           +2.7          83.84         1859.2           54.2            232          365.0            311   S
         768.95          +3.97           +0.2          76.26         1991.8           53.3            232          390.0            322   D
         535.85         -15.17          -25.8          39.86         4813.6           65.8            255          939.0            254   D
         479.53         -19.82          -25.3          61.63         5640.9           72.1            237         1116.0            282   D
         478.30         -20.02          -25.5          61.49         5659.7           72.2            238         1120.0            280   S
         405.75         -27.45          -33.8          54.76         6844.9           62.2            246         1397.0            260   S
         174.37         -60.43          -78.4           8.27        12272.2          110.1            265         2588.0            260   S
         156.31         -59.47          -77.7           8.10        12942.0           95.4            271         2740.0            273   S+D
