TTAA 78182 /////
99977 11403 21510 00058 ///// ///// 92712 09000 20531 85412
08400 23531 70994 00559 24553 50558 17356 24069 40719 28556
24563 30916 45556 25076 25033 55957 25586 20169 63562 26102
88218 62748 26102
77174 26610 408//
31313 40708 81806

TTBB 78188 /////
00978 11403 11927 09000 22878 09600 33818 06202 44806 05412
55789 05821 66746 01656 77717 00259 88688 01360 99614 08361
11559 12957 22537 15161 33526 16359 44509 16548 55508 16550
66422 25157 77276 50544 88272 51141 99218 62748 11192 63963
22171 59169 33166 59569 44165 58369 55156 59568
21212 11978 21510 22977 18516 33941 20029 44875 24031 55832
24033 66781 23054 77769 23053 88536 25566 99480 23572 11478
24072 22406 24562 33174 26610 44156 27095
31313 40708 81806
41414 /////
51515 77172 04434 23054 60203 09558 24564
